68 251 193 189 282 107 410 415 313 99 296 211 1 435 489 197 469 89 52 138 327 340 85 466 420 253 178 379 255 372 68 340 80 390 180 14 319 17 160 292 278 149 229 165 412 366 445 143 207 158 427 37 117 64 410 34 261 136 156 480 32 86 413 234 102 453 62 294 180 413 70 413 233 125 330 376 368 320 423 103 56 62 58 60 287 49 127 130 299 70 27 414 454 394 231 266 495 17 0 472 
81 462 256 354 212 219 412 296 206 445 440 221 347 35 368 53 216 80 344 157 121 287 251 117 173 374 415 488 294 237 216 302 65 296 318 310 319 435 155 344 285 50 494 492 285 120 149 101 41 99 349 105 419 293 459 261 62 334 37 71 408 313 303 234 433 439 304 294 371 90 304 213 26 174 34 498 213 442 25 291 458 17 450 80 98 214 277 290 17 472 154 76 117 258 150 225 240 148 478 242 
55 311 201 63 68 446 189 241 152 168 452 449 186 131 136 43 130 413 0 115 225 186 268 147 412 127 279 467 335 70 284 442 200 2 24 94 380 492 69 42 262 242 182 169 201 439 73 341 467 371 453 385 399 300 101 316 122 56 12 156 89 282 419 302 42 416 279 170 418 370 40 377 110 188 139 212 236 132 450 444 396 306 58 252 6 296 87 235 18 458 0 491 131 54 257 45 492 44 308 462 
429 28 340 73 368 111 7 182 351 62 368 402 381 56 72 140 307 392 112 140 13 56 30 106 381 320 427 356 67 262 50 111 417 340 267 80 421 354 338 79 325 242 177 192 27 465 119 405 317 428 43 190 390 118 152 207 282 244 202 467 190 418 277 494 179 184 224 196 489 109 17 478 231 415 143 106 346 456 119 210 345 206 428 130 342 29 85 435 302 344 140 498 194 245 325 489 267 23 171 342 
3 381 26 157 164 449 316 324 489 497 361 385 455 424 298 288 237 376 309 434 167 106 215 189 319 482 165 212 257 54 480 94 0 217 146 358 13 445 358 146 16 368 427 332 270 9 135 184 82 399 440 119 122 210 114 364 444 414 31 17 283 400 238 112 156 442 26 366 422 394 483 223 397 162 271 120 366 282 402 386 490 78 158 108 210 494 8 38 89 404 327 294 204 113 251 139 90 458 413 433 
290 216 53 328 434 246 443 125 417 490 475 385 16 474 475 19 224 496 483 276 183 396 215 332 434 137 271 380 294 251 82 314 78 64 179 121 411 68 25 190 312 77 250 490 125 190 3 245 23 375 410 30 294 306 496 495 145 417 32 52 133 80 215 3 233 444 153 114 485 120 0 129 274 183 303 165 116 143 186 146 181 60 37 372 397 471 302 383 35 252 219 61 183 250 287 226 496 331 19 207 
416 207 380 292 241 341 427 458 270 59 301 317 334 102 132 261 109 162 61 28 89 175 464 399 355 376 105 448 130 390 233 347 175 177 44 464 213 278 360 73 203 212 454 360 376 481 411 475 453 36 338 1 54 376 151 180 6 154 347 137 192 219 3 444 338 456 474 469 179 418 59 297 206 186 354 341 220 373 270 212 326 23 491 379 195 477 309 402 363 289 252 33 457 37 217 220 158 482 177 366 
455 78 233 308 211 339 42 137 76 151 125 489 336 369 250 206 307 26 20 418 63 99 392 307 30 332 247 252 27 306 65 185 308 37 232 132 59 149 120 20 408 310 304 478 158 130 405 494 204 265 478 164 113 415 171 172 271 449 414 39 477 221 346 492 103 235 394 418 462 332 62 338 204 347 120 202 412 136 82 63 494 100 393 268 234 374 361 41 27 195 252 131 447 365 328 20 191 309 305 201 
75 182 403 406 243 112 63 307 128 301 271 396 274 131 195 406 482 430 31 364 475 39 246 266 17 424 384 309 413 322 235 103 391 77 278 242 293 459 378 55 203 80 30 287 200 116 491 409 88 78 115 293 46 411 133 233 176 394 252 135 204 230 131 130 382 169 389 400 183 132 490 63 180 242 478 494 415 281 372 195 425 162 114 22 161 137 291 476 320 314 237 241 489 222 192 411 87 384 71 173 
229 69 73 335 41 134 371 14 124 473 112 102 272 499 129 173 335 237 390 59 180 0 244 376 180 145 336 426 258 36 420 320 74 104 217 459 374 76 261 78 286 273 2 19 50 56 322 411 269 157 472 130 236 152 7 25 284 275 158 275 252 176 168 375 83 33 225 446 176 41 300 192 350 420 478 257 318 5 226 368 259 311 139 492 306 443 96 405 298 317 470 446 333 437 147 336 143 346 420 357 
119 239 472 326 359 82 228 214 81 171 206 180 88 466 366 34 76 392 141 279 205 401 336 278 172 225 485 477 203 429 4 444 246 232 93 421 78 356 388 404 411 117 421 219 333 123 381 300 482 63 412 70 318 321 464 465 350 299 178 36 234 93 196 7 241 320 347 493 63 32 310 232 359 487 166 92 325 441 360 418 493 333 204 277 204 369 82 317 318 456 18 221 429 383 164 2 466 454 214 186 
125 296 62 454 81 470 35 180 189 44 231 136 56 388 216 297 188 424 99 70 437 274 166 282 308 198 24 237 150 290 7 256 137 64 392 178 143 297 487 64 36 449 66 321 493 427 178 138 385 366 405 242 243 408 380 202 378 170 108 407 204 368 172 86 458 143 69 168 246 48 46 325 39 98 189 499 493 259 185 168 436 467 305 272 375 58 449 432 440 359 232 293 406 237 186 405 241 37 235 271 
5 311 336 90 393 401 372 240 462 206 397 367 5 464 124 451 149 5 66 197 85 486 392 331 212 256 162 337 393 410 92 224 438 255 45 146 51 158 371 273 140 167 306 110 11 448 364 460 23 268 217 153 394 198 33 273 451 365 6 82 383 123 482 347 169 359 229 320 489 364 122 445 211 355 40 351 167 47 247 295 358 19 492 264 470 339 385 63 359 281 228 40 399 231 467 384 303 112 8 445 
206 443 278 226 193 256 487 204 440 478 439 108 161 135 42 229 478 414 289 192 79 263 435 114 188 182 357 127 12 349 334 53 227 15 473 434 89 441 439 94 91 188 362 170 73 375 118 449 301 390 374 41 128 419 66 178 290 388 146 59 411 218 27 180 367 361 292 10 1 251 253 144 135 285 79 107 149 7 342 97 420 360 178 111 465 402 359 374 199 154 41 445 489 411 204 401 199 456 0 246 
406 380 347 484 149 306 441 161 347 111 361 79 499 414 495 287 387 370 453 83 268 248 197 10 409 129 347 458 318 168 379 358 259 27 474 476 429 482 214 429 267 348 191 307 65 270 63 44 402 102 248 421 40 364 24 23 208 187 238 397 77 330 127 110 316 240 291 257 62 205 109 431 151 153 448 163 331 339 72 473 389 379 316 239 149 92 73 415 329 445 23 235 388 469 191 189 47 76 444 163 
197 295 358 234 376 275 44 29 372 462 157 321 100 335 221 394 487 19 184 197 393 272 452 456 418 237 431 100 58 438 255 302 201 37 105 64 268 273 27 63 217 174 205 421 232 109 199 247 167 90 109 36 355 419 67 315 359 18 190 3 97 274 303 17 271 106 442 495 487 19 205 351 186 171 286 457 353 189 282 124 165 443 48 185 385 378 282 306 429 89 66 142 53 309 303 390 54 375 249 224 
405 161 326 253 158 346 451 269 438 340 299 321 140 453 222 52 20 222 72 423 97 189 30 185 221 345 305 235 295 142 283 335 496 428 131 403 1 250 432 280 336 137 248 212 80 113 261 93 442 298 244 131 398 219 342 347 307 1 420 373 225 137 50 495 415 91 494 363 340 131 445 72 338 201 158 331 499 117 14 455 471 70 476 166 350 6 442 2 152 434 360 128 333 248 7 262 416 234 356 7 
127 397 422 307 341 498 158 488 163 84 46 104 371 10 7 195 265 74 218 140 242 350 169 23 435 362 95 42 200 218 26 137 33 421 244 2 185 238 206 493 96 330 171 426 276 135 409 464 480 339 43 338 469 264 223 392 66 187 432 132 338 18 106 98 291 234 237 97 313 245 96 358 151 332 82 90 429 308 354 147 355 182 235 95 365 273 266 229 55 467 124 180 347 118 302 433 388 28 214 347 
113 349 486 137 131 493 260 224 316 402 346 425 273 410 63 461 368 212 302 339 21 303 221 454 310 47 417 228 337 460 435 166 311 464 66 349 169 413 364 3 225 403 454 482 107 259 316 174 329 301 275 226 73 25 225 341 292 180 318 497 442 345 145 48 340 46 159 249 421 121 1 29 390 274 344 238 56 126 424 24 466 268 122 166 110 92 154 351 192 401 243 297 494 428 498 110 243 361 153 366 
262 304 265 448 448 356 321 117 77 370 37 452 408 422 413 170 325 189 406 342 123 443 223 420 345 147 440 356 2 223 303 196 165 346 195 101 414 3 182 10 113 243 321 257 190 310 53 452 166 398 164 331 265 45 158 394 105 104 21 410 437 23 127 203 53 59 315 376 473 378 125 82 437 194 90 122 488 132 11 30 336 262 24 382 9 63 12 483 403 94 119 479 313 430 312 426 447 452 61 85 
188 457 416 197 309 366 138 314 388 329 121 125 332 218 298 482 387 361 81 418 130 342 217 428 302 422 342 35 319 424 389 123 25 29 149 259 280 295 247 258 112 152 17 229 173 433 14 241 305 116 297 8 231 231 355 206 179 62 265 40 468 72 167 276 360 157 22 372 158 250 376 463 24 433 233 265 404 431 452 81 72 315 352 457 413 109 180 146 396 147 266 386 450 187 247 178 210 253 61 411 
8 122 469 322 397 281 299 234 92 468 36 119 179 491 342 9 134 217 398 439 315 363 91 288 78 221 197 86 231 5 360 489 490 267 418 354 178 115 146 301 330 229 442 251 216 254 160 144 414 489 356 160 165 169 53 164 456 54 33 376 254 146 146 186 216 237 63 389 153 435 270 436 198 325 27 65 451 494 296 345 263 60 154 236 89 33 65 236 443 31 488 275 216 488 407 122 356 441 496 221 
315 17 499 311 371 261 165 232 61 411 307 298 478 219 109 216 401 40 137 162 460 387 8 169 228 117 35 385 73 54 453 420 498 182 29 104 477 271 377 45 326 283 118 493 153 456 179 268 253 49 114 136 415 54 490 256 79 239 254 262 85 377 226 215 14 97 84 494 473 253 168 149 237 400 483 123 100 150 113 180 278 0 173 55 6 125 47 393 393 29 48 119 137 173 216 453 475 207 24 128 
35 495 24 341 123 130 224 347 459 145 339 324 176 342 321 318 192 387 273 56 5 279 109 482 228 98 341 104 239 499 273 391 166 51 383 240 23 419 28 135 89 482 2 495 358 370 129 99 219 324 178 36 87 58 85 420 114 272 6 486 237 309 355 475 359 67 360 385 46 225 110 385 446 324 192 74 341 424 307 268 92 81 21 319 24 477 332 236 113 208 260 273 71 213 90 235 130 150 90 131 
11 352 92 270 439 299 218 62 316 389 126 470 106 229 278 435 304 265 431 436 294 149 401 290 22 172 203 301 54 373 355 259 147 110 157 198 36 0 105 308 348 460 422 85 82 268 336 341 54 120 132 98 256 463 179 488 241 117 444 303 159 431 454 329 250 161 285 81 228 106 360 323 444 377 399 461 327 395 105 309 115 360 485 200 117 251 324 130 20 96 166 110 338 216 367 129 363 440 92 67 
264 333 134 466 217 192 325 217 478 464 404 267 394 77 136 24 289 3 482 367 61 434 90 58 435 85 22 459 367 196 26 3 415 486 369 180 455 38 68 479 390 30 305 494 244 405 299 90 173 410 84 276 470 266 463 23 353 52 367 310 281 255 331 314 14 368 416 66 317 54 60 301 480 70 60 123 425 98 284 120 461 317 438 214 495 40 168 81 253 28 226 259 338 455 119 88 380 407 111 76 
372 461 101 316 188 226 137 443 336 380 5 372 368 38 372 458 293 249 155 311 318 150 443 234 105 212 102 221 90 496 238 282 363 57 55 52 441 333 220 324 482 321 437 76 367 276 394 375 391 428 203 30 257 452 78 87 327 21 21 273 48 453 297 375 139 384 386 112 460 155 478 258 78 307 424 462 257 468 496 483 495 461 460 326 338 429 372 486 387 386 286 111 145 261 4 169 491 98 355 302 
24 153 489 395 445 265 337 499 59 405 350 388 446 472 101 255 280 237 279 218 78 123 303 73 298 361 255 326 316 362 392 428 134 178 86 429 78 168 186 122 317 111 380 80 498 202 440 109 399 461 472 229 332 397 146 497 446 323 466 131 186 456 155 35 349 47 50 213 346 299 42 309 366 306 422 136 7 166 352 183 464 112 340 9 220 379 153 460 322 214 465 24 312 132 238 171 450 2 375 256 
60 22 77 2 66 335 332 55 41 425 313 278 107 398 485 11 491 321 294 5 413 458 296 492 314 26 231 351 81 181 239 111 137 209 296 114 71 237 379 387 270 118 132 395 143 188 193 466 264 252 375 450 232 480 488 449 186 15 161 365 69 183 68 225 133 313 33 365 482 16 45 102 45 429 179 71 449 313 499 32 336 47 262 345 314 327 15 389 361 91 279 235 70 37 240 196 315 97 189 139 
270 337 299 26 352 86 195 317 193 461 386 215 107 358 157 247 220 11 71 465 382 484 11 186 229 430 78 174 288 370 68 359 352 23 326 64 283 130 216 144 30 89 20 109 420 149 395 412 302 473 294 145 463 44 344 250 18 14 390 265 63 250 467 187 211 94 220 51 412 180 183 31 176 44 84 227 491 161 340 136 167 44 42 53 192 126 62 159 93 102 164 90 97 135 84 249 117 499 99 134 
144 364 26 231 104 66 406 172 445 249 224 415 180 20 385 396 102 167 85 416 240 397 140 460 181 37 185 214 62 381 490 116 334 391 351 464 274 395 66 163 46 278 343 284 264 394 345 307 60 146 397 459 166 371 202 41 52 438 132 450 331 44 173 386 167 280 56 222 241 164 360 271 465 423 361 248 332 49 193 467 380 355 314 298 437 316 290 79 318 208 355 328 268 221 107 221 46 95 375 196 
282 164 264 226 283 172 238 279 356 297 345 477 11 130 252 378 341 61 220 479 494 222 381 226 204 71 238 14 473 213 139 120 464 152 238 106 451 325 71 389 295 183 5 260 316 120 459 147 460 289 60 265 4 169 301 486 496 218 457 284 396 285 11 424 380 42 458 343 330 459 214 22 169 105 253 159 256 52 16 288 395 417 326 277 414 48 77 457 23 410 104 361 368 311 489 45 110 217 49 223 
456 497 464 197 487 198 457 333 10 394 65 27 241 215 18 47 425 171 0 491 458 128 3 39 349 67 400 191 329 178 349 453 468 371 110 331 49 19 397 99 88 231 388 18 183 225 317 154 152 127 426 176 497 243 194 120 206 410 172 37 433 163 379 324 414 94 306 148 178 290 105 89 446 422 327 190 132 111 117 67 345 351 43 335 55 92 398 369 484 203 65 229 76 299 180 481 287 489 78 108 
455 158 257 127 181 407 24 207 250 463 300 410 432 19 175 29 412 401 85 365 62 427 403 449 3 410 202 456 183 424 476 407 251 467 318 85 261 367 253 237 297 339 424 391 446 459 174 91 33 96 140 78 497 69 146 82 185 249 151 133 338 312 458 441 231 222 162 258 329 133 124 415 486 223 35 70 363 436 260 50 478 297 432 58 289 429 15 284 343 263 141 51 162 376 239 413 279 122 382 491 
170 9 308 382 89 221 392 126 262 133 218 213 26 15 311 15 5 119 400 179 32 292 42 68 478 420 170 228 106 63 323 321 475 148 76 14 401 175 434 164 167 438 198 119 250 494 311 238 193 332 222 430 290 372 169 426 208 25 205 294 412 66 471 97 77 245 34 459 207 84 87 337 208 124 417 275 246 370 446 446 203 499 2 367 449 4 286 258 220 82 323 23 423 150 336 62 179 40 349 333 
118 413 490 450 187 470 156 498 169 207 414 402 396 436 90 392 98 311 373 12 487 259 372 62 152 191 337 307 198 85 93 488 235 249 231 166 316 336 97 268 359 266 393 25 439 468 440 74 349 150 394 327 193 108 68 261 374 66 413 79 118 245 330 11 181 412 346 264 412 359 418 105 21 467 281 356 437 462 66 288 105 0 261 393 89 386 387 42 419 42 150 443 402 195 28 263 105 346 355 375 
2 22 233 497 347 460 153 20 141 98 122 380 27 73 66 284 408 0 477 262 339 315 383 119 83 388 488 72 215 228 262 56 451 317 152 435 284 255 337 26 205 173 19 160 298 241 421 465 449 63 247 13 247 277 164 411 172 355 304 38 170 125 447 143 67 49 186 416 341 323 109 45 425 186 72 214 395 269 82 484 493 337 7 427 11 213 225 278 18 404 441 460 227 70 115 164 261 137 375 172 
245 101 425 292 238 21 127 92 50 420 93 44 156 328 330 67 290 406 50 498 144 191 427 412 361 486 76 498 390 205 162 135 321 380 225 138 488 71 163 386 18 351 375 203 461 388 193 306 232 497 35 37 483 381 159 200 109 261 431 343 449 262 21 45 344 452 433 308 158 306 224 122 79 144 366 99 109 107 134 216 315 357 328 144 303 485 95 101 30 443 425 317 307 358 23 341 419 1 153 414 
409 245 454 362 39 45 456 29 439 463 27 105 0 250 257 259 119 291 297 431 405 277 320 393 240 55 341 237 406 372 474 420 272 213 25 372 491 30 479 409 431 440 306 285 10 404 403 369 15 400 120 474 342 398 330 395 199 261 477 143 152 408 394 409 420 84 49 186 290 465 257 239 207 64 277 340 123 440 488 156 21 223 55 481 472 174 77 302 240 427 36 244 102 309 434 318 201 41 362 345 
41 416 288 174 25 481 75 53 375 209 293 114 34 216 392 477 415 365 475 144 364 49 150 460 383 8 27 240 334 80 473 320 415 107 326 456 357 306 399 213 95 419 207 128 97 379 54 223 85 428 79 139 175 203 355 214 488 328 123 81 215 474 184 161 334 456 34 443 244 272 319 112 331 47 404 166 191 61 493 212 183 247 197 92 220 10 484 399 360 289 88 173 382 342 400 78 478 313 60 152 
170 386 466 278 494 424 242 120 407 117 296 215 136 364 84 159 152 365 467 180 272 340 268 434 240 80 322 92 89 453 304 415 258 468 72 206 413 78 24 429 7 216 81 431 462 21 446 384 299 244 70 187 216 124 193 362 376 129 320 155 392 349 42 219 40 419 165 202 279 270 37 494 395 373 368 99 401 421 202 162 128 436 155 288 243 445 374 419 279 276 492 259 409 96 70 138 154 145 177 464 
273 115 287 228 349 344 471 196 486 125 24 47 247 272 420 357 198 36 307 75 48 317 373 364 452 290 400 398 445 136 68 269 62 193 457 232 86 1 39 434 5 191 497 137 209 128 356 37 376 55 168 494 221 129 26 433 53 151 224 44 368 192 167 361 179 12 483 465 201 457 320 261 305 306 419 225 402 229 90 171 402 129 81 426 478 131 349 399 338 132 450 44 49 156 364 451 72 277 213 466 
423 207 162 129 454 115 307 187 389 38 316 340 191 3 422 238 104 55 373 466 122 76 470 450 220 416 384 257 284 351 15 162 431 220 442 457 118 196 161 482 375 367 325 432 380 159 247 185 363 446 390 74 79 255 357 201 326 172 88 265 384 259 401 138 235 78 206 206 179 52 162 496 239 72 473 230 396 468 96 108 86 122 96 131 338 138 165 54 415 205 130 164 391 256 135 26 23 143 264 268 
277 79 240 195 234 90 216 96 460 267 189 3 50 254 251 84 354 120 400 190 442 70 232 146 458 222 466 382 160 319 290 343 149 174 205 168 19 96 342 88 48 14 230 182 170 15 447 314 71 25 280 138 4 367 248 175 152 269 284 346 346 124 330 295 482 356 187 391 395 383 471 271 159 439 140 380 3 163 340 241 227 106 243 53 372 45 332 414 138 402 2 177 260 284 186 63 25 73 196 191 
302 18 91 177 86 90 17 150 13 33 222 253 312 42 439 170 191 327 3 33 335 52 213 24 419 442 300 253 282 6 490 482 123 149 219 378 108 49 214 201 303 201 413 242 342 441 202 380 12 481 76 470 421 115 491 120 478 447 211 275 316 226 11 366 79 432 5 414 66 258 264 91 385 92 138 104 394 340 115 428 296 355 5 366 361 148 326 118 306 494 255 10 412 465 450 264 101 140 166 292 
55 353 181 0 413 441 379 166 264 238 442 178 375 342 305 133 381 366 492 457 374 359 368 37 413 419 179 448 458 284 251 293 196 432 163 462 444 28 26 333 75 491 163 114 24 377 288 150 229 449 411 32 295 327 86 246 188 213 18 346 361 492 406 201 365 489 389 395 413 178 493 209 171 223 474 72 356 477 170 71 480 470 254 286 125 492 277 491 93 398 307 5 395 133 345 0 497 212 255 73 
193 258 334 366 189 415 55 275 426 201 463 246 395 232 372 320 487 300 373 365 311 419 30 58 320 458 146 177 53 447 336 154 267 484 163 415 325 278 498 68 431 385 279 336 62 163 335 86 254 203 174 428 246 451 423 258 267 191 455 262 444 8 462 150 289 81 162 170 263 149 415 379 206 213 295 165 92 423 462 156 133 232 44 48 95 330 170 11 9 173 15 213 214 98 408 427 55 120 378 481 
442 363 62 24 496 146 285 364 353 297 217 221 241 195 180 25 114 320 171 309 261 18 134 495 93 386 130 236 2 449 459 401 362 380 447 439 184 455 394 499 6 32 352 95 333 248 376 430 278 114 275 266 112 157 220 112 135 466 336 448 242 461 81 254 280 356 295 447 63 492 295 440 199 73 495 172 342 56 261 304 356 331 312 112 21 59 13 232 116 61 414 56 490 395 56 63 476 144 276 190 
65 118 26 260 407 255 62 273 72 362 296 191 140 19 27 201 125 278 353 330 409 156 237 136 407 499 492 394 21 255 11 194 261 272 461 267 327 342 114 34 270 490 39 407 480 155 453 3 235 409 144 352 338 329 391 188 24 101 401 9 244 129 373 144 400 474 70 41 446 330 497 246 252 5 116 236 183 178 265 110 268 325 158 476 54 423 377 259 282 342 287 481 228 135 145 39 101 485 123 397 
45 340 436 55 47 86 250 161 379 420 390 468 280 476 195 119 198 138 216 54 261 137 326 278 118 104 94 269 393 180 23 353 160 187 176 455 323 189 264 244 457 374 438 407 38 396 191 236 433 139 106 166 180 482 222 444 313 260 206 340 443 211 469 231 350 151 407 331 388 315 280 207 328 31 0 345 379 125 414 449 484 285 233 269 435 186 48 490 238 23 180 114 364 43 263 288 199 369 271 187 
188 42 285 315 161 7 115 84 350 14 465 452 62 328 191 159 64 64 206 129 73 242 396 337 336 451 304 319 85 476 122 111 82 265 331 335 451 347 273 85 140 263 6 106 172 217 98 254 240 49 397 382 57 425 217 109 250 487 56 358 369 268 34 346 64 381 338 201 147 325 481 87 272 80 303 79 306 95 480 88 282 311 226 467 418 42 225 152 371 283 315 135 210 202 294 221 306 372 290 187 
256 76 391 24 251 486 218 239 283 498 119 87 179 140 92 108 446 227 447 72 138 284 13 156 286 161 138 489 86 65 3 2 79 229 371 178 453 80 449 458 411 195 474 257 30 99 458 267 146 39 128 63 328 209 342 427 69 261 17 179 353 260 393 90 404 42 309 150 357 238 487 111 24 76 489 494 141 297 426 406 125 234 226 435 196 359 399 193 252 474 333 18 469 142 441 399 78 234 6 0 
155 416 227 44 11 0 56 280 156 153 159 226 205 229 150 157 103 308 306 397 123 5 237 313 434 134 225 417 170 185 208 300 413 79 95 371 219 248 283 18 164 167 152 431 234 367 24 12 281 482 92 61 421 485 61 259 120 9 194 295 307 472 416 82 332 74 114 176 86 34 458 427 357 116 467 425 353 457 189 442 405 81 278 367 482 439 85 369 74 313 325 227 410 98 78 193 27 222 176 281 
40 229 157 384 138 87 299 152 494 429 199 237 59 347 322 4 328 86 306 347 484 176 192 371 118 228 91 102 247 458 469 45 34 401 64 81 480 212 408 291 308 449 59 42 164 106 214 468 340 110 238 213 447 270 9 159 400 488 297 397 423 226 281 259 44 47 420 402 334 471 386 492 240 341 490 157 352 226 272 419 125 87 6 107 467 77 246 261 480 400 62 322 85 318 0 256 337 358 107 278 
489 85 390 137 61 87 427 466 126 385 150 288 77 22 291 288 151 91 281 44 301 179 161 169 442 303 78 68 437 187 262 30 409 121 442 419 496 137 253 472 363 309 135 12 348 114 415 174 284 188 285 415 171 238 317 385 109 60 68 499 126 44 470 367 465 460 399 425 328 99 70 69 151 265 310 496 383 491 223 495 57 250 262 251 119 380 276 307 74 14 352 88 10 407 261 347 133 488 449 321 
98 7 461 499 413 102 325 146 382 478 204 371 71 207 83 432 429 373 425 88 235 399 147 113 149 448 385 382 103 443 113 469 370 95 421 359 17 211 231 374 104 22 97 44 261 66 186 74 213 414 404 301 161 301 2 352 200 193 304 42 396 105 473 470 267 254 468 401 204 296 340 330 298 303 125 373 44 380 338 296 337 90 69 341 31 8 63 322 38 440 468 477 251 64 19 196 401 305 261 460 
354 338 100 396 467 430 158 301 440 11 407 187 392 489 188 487 195 226 312 275 101 340 4 461 237 422 497 487 142 31 248 262 290 163 59 426 444 170 83 197 108 370 94 108 60 287 317 138 377 137 292 198 42 278 488 384 373 163 25 187 183 108 21 113 173 377 25 310 316 451 236 245 385 174 429 117 281 429 156 83 246 269 182 85 115 29 248 26 45 241 86 375 443 408 157 478 106 128 211 408 
160 201 133 285 478 189 277 82 217 482 389 426 342 424 460 430 24 333 60 21 49 230 423 136 396 464 214 441 334 411 159 86 112 437 274 240 272 258 334 37 121 443 416 427 76 488 433 466 69 91 380 84 322 245 186 22 274 39 201 401 9 498 210 407 63 174 143 424 22 1 165 320 240 38 86 197 305 120 9 125 0 129 148 122 476 411 318 357 334 253 306 452 386 437 73 242 198 89 404 499 
161 119 396 473 339 121 229 238 24 61 196 415 132 205 56 92 262 467 131 165 356 227 202 464 397 161 286 164 188 16 169 18 493 87 220 306 213 8 126 132 334 94 298 7 67 271 172 338 269 429 1 277 179 472 43 234 420 305 223 481 34 258 302 385 229 193 466 100 176 405 6 352 47 83 255 346 397 438 84 92 332 357 404 458 96 160 399 446 128 157 86 273 455 272 347 123 489 306 489 138 
336 254 79 490 78 132 303 112 8 14 97 437 124 160 380 244 458 196 356 332 448 246 413 355 232 180 65 146 34 337 12 442 290 387 7 258 19 230 278 257 37 235 425 78 493 485 70 407 178 375 416 48 138 179 107 244 401 65 198 180 264 474 361 266 194 62 397 451 335 372 348 433 419 498 37 304 390 97 444 187 119 189 62 101 134 108 100 265 253 171 172 110 254 254 423 407 191 237 340 254 
398 98 282 64 107 394 350 93 211 266 75 363 474 291 458 84 245 497 459 439 408 439 125 208 453 488 418 325 218 63 378 7 255 297 178 309 316 211 262 205 494 346 100 417 191 296 287 281 454 123 318 297 207 236 451 294 449 300 434 288 2 85 34 98 59 364 469 297 48 362 319 94 412 1 253 99 241 212 147 256 387 37 408 334 14 322 416 111 5 358 87 263 260 42 12 339 138 44 152 428 
331 26 120 26 52 169 104 398 353 11 349 228 305 372 293 353 20 190 114 24 293 411 129 492 499 102 232 125 459 123 89 70 182 471 141 427 367 372 319 2 314 326 457 75 382 71 101 323 138 222 476 482 322 482 144 181 252 361 98 474 130 399 210 131 445 197 377 35 260 174 132 406 401 448 179 487 430 122 61 484 72 269 258 51 80 176 280 311 75 380 426 20 436 283 310 182 183 365 238 14 
233 449 105 76 181 402 476 277 437 289 267 348 49 68 324 455 390 407 285 62 47 74 320 56 301 232 213 372 21 98 383 114 198 351 172 442 247 335 290 145 494 453 344 395 321 57 94 236 253 333 240 153 5 360 29 154 252 209 146 13 374 413 420 202 12 147 328 441 446 127 478 143 101 465 284 72 397 367 364 320 309 494 55 274 76 45 283 113 30 26 135 493 111 253 405 265 99 346 133 13 
187 50 112 442 471 329 180 369 345 291 450 292 105 205 243 311 145 133 31 247 246 308 303 96 428 258 110 180 94 35 283 101 366 305 17 103 348 22 418 204 488 47 116 284 329 58 381 497 423 56 170 58 385 221 338 181 276 264 292 139 274 114 38 119 402 55 195 39 491 135 256 74 139 54 306 84 78 493 143 460 307 407 78 367 374 444 28 78 167 0 385 26 286 295 222 213 8 356 100 244 
229 0 48 138 437 385 485 100 88 226 307 99 289 241 317 150 14 266 261 313 66 389 310 4 455 299 259 36 187 461 434 138 333 334 180 330 279 314 259 91 234 54 444 356 348 6 161 234 13 25 490 455 265 51 168 430 477 461 441 244 164 317 83 495 448 324 171 84 317 40 257 207 301 49 261 333 256 114 140 69 450 332 33 307 79 499 309 245 223 394 89 229 454 32 146 401 125 6 105 305 
494 191 252 178 212 93 264 407 43 138 193 221 118 147 239 143 45 476 267 239 169 252 157 350 134 375 438 137 325 497 397 401 11 288 70 392 336 384 288 494 26 78 244 343 376 439 92 5 63 118 56 128 4 5 166 240 268 344 493 67 380 419 101 52 359 118 149 323 108 429 305 442 284 128 433 243 297 487 409 175 216 490 374 410 288 433 469 268 443 334 22 139 297 479 28 370 54 57 444 330 
445 281 83 102 415 146 79 349 324 187 68 131 148 351 167 271 184 126 248 303 40 162 257 225 456 422 358 6 102 214 126 392 331 303 222 332 79 183 256 440 42 140 51 161 296 121 297 485 337 222 57 152 194 346 74 48 415 42 139 81 101 355 317 74 229 403 422 490 389 452 447 150 443 97 169 255 352 453 107 210 459 133 243 194 66 329 101 417 135 210 216 451 335 179 316 96 208 33 215 137 
321 127 425 497 426 50 333 403 495 354 193 190 205 385 21 8 339 484 182 296 419 342 31 12 185 343 175 30 207 494 2 373 34 279 68 122 31 304 253 103 270 296 295 327 139 284 173 143 258 341 342 1 277 167 93 92 251 133 162 299 379 361 441 265 16 437 313 16 208 10 272 49 136 447 405 336 198 141 310 187 18 398 87 200 93 188 46 290 192 64 457 485 479 486 97 119 281 259 8 61 
6 328 30 478 418 136 195 124 458 421 412 196 412 43 142 448 160 490 63 212 192 45 492 250 172 70 99 241 95 400 218 219 460 498 267 93 392 386 89 148 438 291 255 462 220 395 144 191 410 235 450 160 193 178 147 379 30 124 405 444 482 408 453 344 400 37 91 104 161 114 191 252 495 35 483 280 477 198 15 419 414 329 313 479 156 229 286 44 264 436 309 240 27 260 247 442 406 76 138 453 
317 467 322 168 196 249 72 452 280 160 325 317 153 24 122 480 72 194 186 0 494 339 469 180 301 127 6 301 395 220 412 321 13 217 16 479 214 270 294 12 480 149 160 152 282 114 415 213 451 192 373 161 213 244 75 286 205 73 160 135 423 188 17 392 121 368 26 122 129 317 325 196 454 462 254 46 294 209 327 496 97 307 92 253 357 375 218 80 359 163 83 274 489 476 353 86 72 317 53 422 
196 119 369 282 334 127 358 5 160 228 58 350 71 15 0 197 197 233 249 55 174 316 101 172 234 392 457 58 91 423 11 321 275 446 231 281 78 258 135 391 153 368 407 67 189 25 3 461 218 397 194 207 87 416 21 95 133 325 391 238 122 170 34 115 403 420 81 440 101 241 271 486 293 136 44 407 94 168 459 401 8 223 336 304 57 43 331 236 411 170 88 484 436 43 468 222 256 437 121 244 
141 83 93 86 167 120 164 170 383 8 439 260 330 183 327 82 69 170 271 138 359 403 81 465 25 416 343 176 417 204 453 181 195 257 449 449 76 452 331 355 479 233 230 135 88 454 419 244 363 232 261 199 214 313 233 49 442 328 438 403 111 472 211 207 282 358 99 413 155 41 441 199 331 32 338 475 327 363 160 267 238 58 169 433 315 231 203 107 263 44 481 141 202 308 393 49 411 250 55 172 
253 142 491 210 106 217 178 114 499 247 235 363 250 439 347 245 216 33 21 17 319 458 380 54 229 85 65 405 185 385 9 304 321 20 271 132 301 26 186 8 195 253 390 248 444 95 131 391 302 176 314 121 235 425 295 392 104 493 158 241 429 216 138 10 220 54 442 177 400 165 246 199 148 305 438 105 460 138 269 247 407 391 5 304 122 462 334 22 148 495 400 494 259 86 64 341 217 132 496 60 
214 265 422 149 266 211 291 124 389 413 262 41 235 258 156 114 421 316 53 431 321 368 387 104 46 36 360 471 222 186 258 270 240 83 262 139 95 484 462 495 152 155 288 156 397 97 86 407 291 323 224 496 490 235 46 478 454 264 351 190 48 497 382 264 337 141 30 337 326 19 61 379 157 296 245 293 146 345 55 274 453 87 103 409 432 192 372 298 404 168 271 411 153 388 394 463 318 53 207 263 
285 488 462 440 334 197 11 308 142 213 315 8 383 337 394 286 294 220 454 478 376 72 342 166 401 191 76 66 90 199 451 93 477 108 476 346 410 377 416 409 452 226 254 174 80 264 214 326 401 73 485 403 337 226 266 339 27 123 386 272 246 314 175 318 9 406 174 232 399 88 466 424 16 450 325 338 337 184 233 118 217 53 453 497 48 80 429 201 444 370 75 248 242 98 204 356 434 222 230 7 
270 439 191 300 184 268 78 304 201 182 0 335 77 4 250 384 257 473 430 378 204 239 459 399 485 179 112 169 443 440 183 47 354 269 298 107 477 101 166 78 477 197 84 303 261 117 29 423 39 210 316 112 498 75 489 401 211 114 425 145 101 25 369 464 168 346 442 263 26 223 38 470 260 133 195 434 154 360 308 16 190 486 389 268 194 4 415 130 377 386 381 26 147 448 492 142 91 331 265 308 
132 145 240 225 207 55 103 298 84 245 476 261 335 497 360 330 33 461 84 1 267 175 402 171 462 30 320 433 456 114 86 172 242 227 189 395 194 222 183 277 482 133 450 263 86 28 193 133 395 231 444 400 152 285 427 23 66 366 453 192 386 250 477 134 206 374 98 196 120 322 367 413 225 123 12 129 78 361 300 171 335 337 7 445 329 289 39 183 118 132 127 12 298 180 458 325 248 301 278 152 
446 472 462 364 25 431 48 205 472 443 273 482 50 151 118 261 118 347 344 371 223 48 338 489 364 314 229 266 37 268 140 486 387 447 298 374 305 281 237 301 219 375 224 67 375 89 219 208 398 117 357 391 320 379 218 187 47 255 243 365 113 79 394 195 184 219 382 345 93 246 127 3 28 227 177 438 55 380 355 382 37 153 346 434 62 468 463 442 300 267 398 346 387 119 383 11 332 456 206 492 
94 174 329 397 131 458 373 66 474 295 134 150 428 202 259 314 436 168 138 57 402 275 43 320 216 48 15 134 388 255 210 222 420 223 325 271 51 224 302 473 155 150 497 81 219 172 260 193 143 445 101 341 86 166 243 57 327 372 262 36 127 335 282 224 18 99 390 419 300 146 101 369 66 342 482 247 153 204 265 124 218 9 82 338 179 488 276 371 357 377 232 157 422 185 63 378 317 85 168 404 
451 199 195 247 245 310 231 260 159 25 335 11 143 184 103 328 230 218 139 235 82 390 61 208 365 379 335 380 348 242 135 257 332 359 150 23 205 38 410 164 261 132 48 109 267 68 326 363 347 27 277 9 453 52 21 102 303 263 171 81 284 208 64 247 26 227 288 465 69 91 361 239 433 411 129 100 352 39 205 462 393 15 117 369 26 313 180 291 181 37 288 186 205 401 361 414 446 402 108 229 
362 40 415 340 250 181 359 210 66 88 298 150 488 175 498 414 34 207 474 427 162 364 420 252 366 317 499 497 224 72 361 286 23 73 76 452 270 183 124 92 216 216 28 152 45 498 50 293 117 6 404 433 435 336 449 453 127 263 50 10 15 194 213 33 358 387 376 403 310 91 370 214 251 2 79 498 36 332 276 346 18 364 300 471 479 241 41 353 293 55 151 199 303 79 79 450 351 256 214 453 
245 39 415 200 27 70 39 420 117 490 200 229 194 411 132 167 299 259 10 370 272 125 268 317 25 39 55 369 359 3 56 365 208 58 333 293 307 89 60 424 74 479 26 218 204 391 126 190 387 35 186 306 147 414 7 316 213 10 489 45 182 489 197 141 86 101 179 54 227 37 126 444 114 467 442 244 17 322 416 140 330 105 279 283 143 173 498 456 350 357 141 320 223 160 302 51 96 90 189 468 
100 208 53 493 303 50 352 57 9 306 428 156 400 467 52 111 392 2 475 161 481 175 23 116 295 3 97 336 405 336 46 101 110 206 257 15 429 253 72 327 427 219 156 348 199 51 181 382 397 474 37 430 441 453 59 50 118 50 143 240 10 116 420 177 116 178 218 458 306 27 170 275 196 247 263 326 116 444 58 150 106 311 347 428 287 105 193 18 50 146 100 474 395 97 462 238 119 316 53 274 
303 289 198 313 379 160 404 207 498 431 291 14 72 212 367 359 171 246 50 108 362 446 461 24 103 143 468 210 491 124 136 150 283 77 353 400 181 233 373 307 283 455 168 193 255 450 228 431 428 413 200 491 460 151 280 340 398 314 254 410 46 419 248 11 163 165 81 422 481 323 293 481 167 424 265 332 290 151 322 284 258 40 432 461 161 271 250 147 142 99 85 6 207 328 466 285 318 217 47 77 
32 365 120 287 67 138 266 391 186 446 409 97 83 290 55 428 420 364 324 137 413 377 171 250 68 255 464 404 482 91 132 222 225 71 142 319 227 94 412 218 90 280 81 55 344 487 483 157 333 298 125 238 315 261 441 86 366 185 20 232 111 77 126 333 129 429 211 374 414 215 353 244 327 407 30 274 48 384 190 299 174 251 304 381 245 485 272 237 244 413 437 208 186 123 75 469 452 312 316 484 
153 121 458 326 361 362 13 178 148 160 291 360 85 217 115 4 122 19 290 121 219 243 191 474 479 407 238 80 41 63 7 489 491 93 44 137 295 58 116 391 467 423 153 230 118 195 409 277 391 491 36 468 250 328 285 136 285 3 322 232 385 375 133 393 1 338 409 3 141 117 296 41 275 477 326 154 466 302 334 341 252 187 303 398 402 362 57 75 389 142 253 346 147 250 447 239 278 492 71 104 
284 274 306 259 172 19 109 496 229 161 441 376 428 361 294 421 146 356 478 174 402 21 134 230 132 238 495 308 443 156 224 206 52 309 264 414 211 476 214 472 182 476 44 225 436 157 232 128 131 91 48 287 425 263 89 276 283 163 159 80 140 321 318 495 144 47 355 342 308 169 337 186 169 263 90 78 83 181 23 462 109 201 135 0 313 420 386 299 417 427 185 111 304 175 212 245 401 391 132 151 
62 345 158 361 284 47 360 285 130 471 18 60 275 93 439 442 252 436 313 165 62 16 119 353 359 67 18 114 71 21 442 184 438 448 269 74 452 199 196 471 432 454 53 338 198 219 492 173 411 488 106 160 349 422 103 333 23 308 296 346 309 162 232 23 83 118 282 21 244 136 43 496 334 255 412 368 85 112 427 25 488 411 413 157 50 215 151 244 265 370 321 75 411 152 52 250 474 120 453 18 
438 85 445 455 472 229 94 377 321 347 438 334 471 470 403 147 383 281 302 354 388 385 52 52 46 74 13 150 343 217 59 1 382 318 475 218 469 88 318 375 429 313 54 135 67 87 190 12 165 279 232 363 410 450 194 148 94 85 95 83 213 298 286 257 137 419 375 351 278 8 245 60 306 440 172 5 349 421 71 250 127 450 181 475 375 320 136 88 38 159 306 304 96 213 343 232 367 249 418 195 
70 94 256 485 291 474 482 256 72 481 327 179 171 345 221 397 120 216 18 216 3 311 326 379 334 208 83 452 179 283 209 326 310 377 447 18 329 471 314 132 89 49 220 269 73 24 24 343 5 212 392 264 288 102 95 106 216 491 108 298 286 469 219 56 21 318 398 486 40 493 290 453 204 492 428 148 250 395 94 455 413 386 294 47 66 171 153 486 365 464 240 306 75 408 251 432 448 303 334 231 
183 490 136 238 316 178 109 226 62 411 499 186 252 474 209 38 453 470 176 59 422 389 478 363 343 402 407 276 359 418 497 51 427 150 139 477 46 135 409 334 204 67 175 223 420 370 371 26 132 459 101 65 254 293 73 210 221 142 422 106 117 139 81 295 311 239 455 464 305 284 151 155 48 207 391 188 407 168 430 489 35 179 266 283 319 61 423 244 322 321 364 215 270 172 224 467 52 339 71 428 
29 277 375 262 412 148 209 275 389 156 16 187 163 249 40 195 29 308 211 175 362 485 328 399 427 351 52 191 6 305 41 369 448 424 337 311 178 357 331 113 407 12 479 306 460 297 196 51 394 310 301 103 464 417 316 385 488 240 99 174 168 74 284 22 8 467 9 345 174 6 287 102 184 114 346 380 473 300 264 72 371 272 237 286 393 18 392 211 341 293 191 281 442 124 248 360 253 73 310 30 
137 420 139 110 310 34 397 67 231 9 182 249 250 56 83 294 52 195 414 379 200 396 27 193 141 18 54 360 180 339 147 112 174 162 117 9 322 2 359 141 62 488 412 276 75 261 315 89 290 472 415 130 468 164 95 280 181 321 312 232 345 287 333 264 302 108 215 174 322 448 142 498 5 114 288 115 146 104 125 481 58 113 419 208 175 70 295 230 457 451 307 424 95 140 205 206 445 215 60 219 
166 459 173 120 472 38 241 468 53 271 457 171 217 463 354 324 269 317 243 85 166 331 351 390 35 43 279 350 398 482 344 490 1 52 24 142 52 28 499 269 415 373 167 210 34 177 445 464 63 37 271 39 483 1 357 48 256 306 287 424 134 221 90 72 464 205 19 51 437 92 158 226 370 414 96 40 418 455 14 78 89 486 195 141 189 10 335 92 411 164 178 275 496 253 424 52 19 293 198 456 
262 87 378 249 315 399 298 183 417 310 486 391 170 189 11 291 472 217 131 216 443 49 346 408 273 280 301 256 349 149 282 85 36 144 419 16 169 187 47 320 22 65 350 95 387 257 199 313 427 294 151 48 17 90 405 375 357 481 241 10 430 3 241 286 174 208 373 177 412 370 25 215 62 320 193 118 380 71 419 311 23 226 173 26 124 306 181 420 315 413 401 111 300 278 460 490 1 34 432 382 
14 433 438 252 40 256 166 159 8 97 316 80 171 308 267 17 245 413 220 371 319 110 231 395 212 326 76 54 445 190 84 288 233 323 168 470 369 96 291 120 227 73 248 2 156 344 143 196 152 324 13 407 254 255 16 362 217 464 171 419 377 20 453 18 85 148 85 227 369 144 419 439 178 359 25 75 133 219 72 172 104 342 267 330 108 236 140 87 384 363 279 375 309 217 460 470 379 213 236 265 
194 445 198 25 365 9 169 152 203 164 122 325 190 235 408 94 44 58 88 80 80 463 146 102 162 480 123 6 411 445 153 217 483 193 144 21 243 9 154 240 337 151 265 39 485 199 307 240 331 268 406 119 423 293 6 402 192 357 64 495 304 40 84 299 474 291 373 309 329 271 203 201 416 0 269 397 90 91 52 427 181 458 244 221 289 148 37 193 402 405 233 41 438 318 189 114 48 20 65 39 
162 401 183 477 228 308 234 25 397 194 215 437 445 301 312 138 347 180 101 249 133 27 148 484 415 260 416 120 260 406 232 101 271 401 252 169 432 250 128 13 53 489 48 168 115 476 424 125 57 274 309 460 97 403 155 168 428 345 357 159 307 88 486 81 279 234 441 229 365 279 215 190 230 151 19 141 324 279 491 408 134 472 221 338 485 294 240 172 396 178 356 428 24 214 3 375 495 293 338 229 
234 425 127 387 393 480 312 228 112 247 256 249 51 481 345 17 325 235 182 81 61 290 437 475 388 13 95 313 55 361 407 360 156 266 329 174 494 276 328 189 426 31 261 77 71 198 173 16 54 74 93 215 155 177 376 3 319 256 335 262 118 222 364 436 422 422 79 121 312 196 181 368 355 23 181 164 483 489 145 170 16 7 184 130 399 263 362 70 304 28 197 289 101 16 141 119 429 360 42 270 
116 395 436 32 126 231 24 178 99 341 149 472 230 203 1 118 377 97 333 314 79 187 223 235 443 116 118 462 248 288 143 431 162 153 374 266 108 172 326 94 486 206 325 266 53 445 187 474 124 226 179 32 449 211 15 176 377 285 391 101 92 262 476 153 69 215 453 42 112 209 295 89 272 197 226 284 16 330 451 499 201 358 466 140 394 316 279 424 122 252 5 327 81 150 131 183 141 252 423 184 
