475 5 19 77 108 410 84 109 67 161 73 441 109 398 210 167 333 470 431 78 246 379 83 100 468 372 470 43 162 46 288 73 235 4 260 93 471 175 113 472 84 317 190 328 364 239 105 346 50 164 215 350 44 135 374 311 491 304 330 164 93 0 104 278 106 75 16 150 154 117 398 186 9 35 204 236 205 234 102 391 332 186 110 356 94 93 408 282 221 38 124 177 125 432 75 136 239 366 108 323 
240 17 220 424 179 159 239 92 415 226 300 157 198 72 3 233 303 381 495 13 353 495 391 459 91 452 408 217 355 69 150 151 266 82 145 282 106 382 216 490 35 284 249 157 106 134 276 157 139 285 157 160 181 102 467 390 275 291 258 171 349 385 127 409 363 216 423 404 441 403 421 60 129 106 248 487 156 69 480 272 95 59 368 427 481 135 324 86 253 146 267 75 294 397 356 110 384 252 284 358 
477 271 440 171 52 83 9 399 358 276 195 457 419 115 350 173 98 111 462 166 159 372 290 88 97 197 447 270 473 181 374 27 449 40 223 195 416 340 496 460 89 4 369 366 383 23 241 112 320 160 481 219 352 21 363 224 147 422 150 409 297 423 356 220 162 116 324 204 127 88 353 164 407 348 246 117 317 89 392 342 306 461 117 338 14 73 238 149 168 287 7 283 49 363 306 61 167 446 321 42 
342 307 208 85 240 144 206 103 276 8 175 316 160 195 366 385 281 437 419 116 291 320 432 347 444 43 284 330 317 487 200 56 248 333 137 152 424 308 194 148 370 405 70 374 92 396 128 156 387 412 55 265 324 58 168 366 223 438 66 391 176 346 472 295 319 235 432 217 470 301 216 384 235 331 381 171 447 175 100 489 49 299 80 88 448 151 23 36 149 177 144 263 447 67 17 115 19 240 334 180 
262 162 381 142 496 302 288 20 288 116 308 186 14 288 75 465 483 262 404 361 11 126 190 52 207 115 314 304 141 237 333 96 325 475 166 27 105 494 455 122 241 188 381 325 47 233 104 127 193 128 53 277 352 272 360 480 207 157 373 154 429 344 66 142 359 369 341 111 465 476 298 223 378 366 48 180 443 450 216 159 444 35 41 492 9 68 26 160 72 245 105 228 222 307 190 115 167 15 280 202 
345 315 377 31 448 206 367 300 284 414 405 301 283 310 308 449 110 124 240 287 101 439 219 291 81 334 39 393 266 433 453 148 197 204 272 36 267 41 196 200 142 296 81 377 124 130 91 329 2 18 75 215 235 112 21 147 125 59 435 12 7 152 130 229 299 29 476 149 130 50 258 438 150 199 207 331 291 177 456 316 94 450 477 146 321 447 152 32 463 12 145 362 455 279 446 496 458 108 231 365 
170 189 376 268 196 112 122 494 286 449 108 98 85 82 451 137 312 208 316 490 262 452 116 413 241 466 368 6 464 221 463 69 230 459 440 183 423 261 420 320 478 254 47 294 396 276 378 132 104 400 85 264 179 300 318 330 210 446 466 283 402 270 78 265 223 438 169 215 36 262 140 343 382 479 338 102 6 284 157 427 464 142 132 104 430 367 398 325 346 458 103 355 147 125 166 40 273 253 151 60 
494 193 38 219 415 20 447 148 420 320 367 206 105 331 155 492 218 233 452 498 4 358 279 485 332 314 333 140 143 69 2 489 14 28 86 262 408 121 140 65 166 494 306 468 74 173 224 417 40 299 60 105 216 242 22 443 344 327 333 391 469 136 474 476 103 202 472 135 95 35 243 257 259 377 253 174 96 190 273 335 183 231 250 449 156 287 228 231 364 282 401 278 64 245 151 227 62 312 64 85 
316 361 454 95 44 470 399 296 302 178 268 473 156 92 266 491 133 16 161 322 131 294 25 137 112 465 449 455 179 380 214 17 88 243 300 421 352 164 458 230 233 11 40 65 62 367 336 79 102 426 346 496 70 336 69 388 204 210 81 376 265 360 222 187 103 369 408 113 271 315 321 260 33 111 253 5 458 242 332 377 189 395 477 428 469 379 453 107 377 442 393 173 193 400 140 471 424 472 436 20 
219 208 60 485 289 477 402 34 459 60 415 473 162 45 11 140 335 251 241 221 466 397 298 304 322 75 433 364 488 131 443 226 98 53 35 395 194 386 85 56 206 93 423 270 162 112 41 314 469 48 481 279 56 157 309 423 73 121 47 216 406 167 53 318 336 225 250 364 151 157 461 282 363 78 377 62 273 70 453 175 194 455 169 217 67 84 0 459 85 470 379 261 199 283 186 122 386 289 194 353 
401 458 290 90 117 410 50 259 450 13 273 415 91 387 53 287 362 82 317 344 59 483 42 88 295 155 166 464 492 11 301 441 359 233 164 162 145 377 428 394 22 41 87 462 299 457 26 165 141 133 498 477 219 447 362 405 457 75 345 409 153 314 260 366 82 471 7 151 450 268 413 119 28 332 281 247 447 399 266 110 318 35 153 496 44 78 385 40 161 380 443 489 394 282 172 178 33 7 76 445 
257 494 424 169 345 112 374 476 186 415 330 235 406 92 185 307 74 253 102 440 256 181 13 276 30 464 387 86 85 418 493 436 385 431 60 205 60 184 217 283 461 133 331 76 368 490 169 287 303 79 220 174 498 403 437 42 98 67 171 150 482 394 179 251 339 116 103 204 330 93 228 77 8 375 487 485 498 123 407 48 84 56 433 162 282 316 164 62 229 495 306 50 375 405 423 23 219 244 120 28 
23 266 154 38 282 91 76 202 304 266 102 242 228 112 76 212 145 434 279 117 44 81 222 50 325 463 307 353 112 11 323 161 378 139 379 277 300 229 285 318 167 240 290 184 101 104 273 216 67 117 160 223 419 316 134 105 31 426 285 342 131 201 408 441 312 193 47 216 333 127 249 315 71 104 339 268 327 351 60 221 94 35 289 400 21 120 401 220 102 164 371 369 179 367 55 358 112 22 206 437 
446 287 358 291 247 70 413 316 323 298 225 397 257 370 208 368 310 145 369 287 17 357 219 241 185 416 356 222 439 464 200 101 227 172 411 163 227 90 81 425 493 120 200 458 454 418 99 118 236 400 365 86 201 263 8 37 296 489 155 495 432 435 242 32 19 175 228 307 489 429 205 159 68 153 205 81 190 213 169 415 304 125 397 481 414 188 285 378 257 116 476 226 300 162 70 129 190 115 41 110 
182 162 482 353 0 393 141 490 412 141 494 455 13 450 189 491 395 479 396 280 299 296 96 350 426 417 329 190 133 204 66 153 297 177 440 313 35 69 86 64 477 361 250 474 381 241 181 454 453 297 88 67 179 182 469 193 371 16 192 85 32 386 467 369 496 175 244 113 207 496 105 37 112 150 141 408 256 485 297 128 339 345 369 67 177 92 0 393 299 356 233 155 94 266 392 40 351 131 84 262 
308 294 15 491 186 487 43 232 439 134 373 90 178 407 151 39 96 73 346 247 49 144 290 440 16 107 169 70 343 333 254 76 423 136 274 167 242 272 92 392 58 69 498 71 37 311 142 285 33 297 341 171 102 328 333 20 53 138 343 485 324 150 145 338 355 229 96 157 465 341 292 298 460 61 438 157 89 162 382 339 339 401 39 165 345 241 168 442 450 245 208 160 53 493 480 70 5 137 139 136 
179 451 479 403 89 115 482 282 181 411 279 205 123 448 474 116 307 222 394 28 279 246 474 394 431 282 317 294 225 389 13 206 115 61 321 126 75 393 295 39 266 287 306 161 52 162 96 34 388 191 246 64 331 385 331 36 33 322 311 235 462 440 77 13 146 248 86 125 408 453 291 336 240 96 265 450 283 231 372 277 199 344 294 75 190 100 421 90 40 424 414 193 153 174 371 398 51 398 375 290 
32 119 140 237 138 424 293 319 32 468 182 362 188 458 133 321 466 493 98 411 75 212 446 364 221 403 114 285 251 141 350 286 452 33 384 426 405 399 395 253 270 184 390 121 248 352 263 369 56 127 204 477 403 354 327 20 187 100 316 182 305 489 277 245 195 377 357 170 88 31 137 8 458 316 76 273 375 159 480 417 119 191 258 382 392 99 41 132 23 201 396 252 182 424 286 303 315 418 302 126 
412 38 153 272 151 495 268 428 8 54 448 271 296 104 227 343 121 470 136 141 28 300 222 49 26 84 271 332 81 157 215 70 276 252 210 40 394 281 210 8 192 257 127 404 98 178 101 196 275 304 296 295 258 191 147 171 84 308 295 439 131 21 236 130 453 279 371 10 218 198 362 130 182 336 346 292 447 190 47 129 445 283 269 274 26 57 5 411 280 89 449 6 321 98 293 90 87 309 34 380 
216 395 364 458 303 368 495 182 363 307 145 450 132 333 367 29 204 46 45 108 180 122 427 111 263 172 494 281 497 73 230 87 39 215 376 311 91 8 335 292 392 393 263 354 243 458 3 250 383 3 499 296 217 487 288 106 127 456 127 229 180 348 287 339 25 235 471 363 185 456 423 340 295 276 449 390 291 473 187 127 484 127 316 53 42 41 352 81 112 321 0 272 3 221 97 275 103 117 203 404 
169 225 413 15 166 177 199 458 0 6 33 321 415 386 158 117 369 182 111 91 168 104 333 407 439 360 188 77 195 295 310 347 0 370 331 277 353 475 226 346 429 229 411 496 374 141 371 74 162 393 85 231 3 32 62 445 439 173 152 427 13 57 46 456 6 27 227 322 192 14 224 230 82 359 135 320 320 143 49 400 418 427 162 30 155 29 376 356 292 185 413 210 60 189 313 383 227 109 291 313 
346 335 338 333 337 154 276 160 267 376 470 389 381 122 294 324 377 215 373 458 229 463 227 314 293 337 261 400 37 339 274 188 235 101 393 72 243 493 5 461 452 253 124 292 398 357 34 149 488 371 406 228 87 84 219 399 264 145 260 130 259 21 259 349 36 209 463 447 459 489 364 63 170 77 221 372 189 56 496 44 289 204 240 422 146 6 307 324 244 147 357 318 315 468 164 241 449 445 342 310 
82 108 188 114 474 116 452 318 456 224 433 287 415 118 389 24 289 199 12 223 101 41 316 60 341 71 272 471 233 331 232 401 87 321 181 462 207 299 421 438 197 408 394 388 180 446 87 298 77 407 187 462 156 254 153 108 310 34 431 457 137 242 91 347 352 181 379 495 238 17 484 391 392 432 489 364 32 179 477 395 477 488 282 378 21 107 296 65 138 373 53 81 432 19 322 326 165 87 114 32 
190 18 445 459 358 469 468 3 372 237 223 124 62 312 351 78 99 347 389 121 344 113 418 233 183 233 312 472 188 411 86 434 444 318 56 308 354 234 142 256 124 4 168 109 347 327 472 176 51 186 328 118 125 393 138 499 209 44 95 202 486 141 95 297 208 58 53 155 281 451 422 153 39 25 338 130 489 291 95 214 60 228 189 21 84 362 158 275 123 345 258 356 38 274 273 453 177 305 352 176 
411 229 18 152 54 271 44 51 16 474 303 46 103 42 496 110 198 246 252 391 25 187 265 125 225 189 281 434 72 359 121 363 191 183 5 254 236 375 242 123 131 259 172 490 412 319 257 357 119 319 29 214 110 354 100 54 306 470 217 347 136 377 441 328 210 473 59 391 70 200 140 220 179 39 182 334 242 251 197 49 370 165 430 311 259 218 159 76 443 318 406 233 138 14 410 34 195 107 420 303 
404 234 126 64 143 285 145 140 141 423 218 96 152 142 261 291 179 420 359 473 476 476 345 368 369 51 42 370 283 334 392 429 305 429 305 0 416 13 401 471 146 78 210 24 268 228 128 194 335 223 258 149 82 0 325 336 182 462 331 40 18 285 147 214 365 398 263 27 29 51 194 322 85 192 275 18 234 139 1 100 482 87 169 166 149 223 469 117 381 189 223 100 315 65 457 338 237 448 37 195 
423 272 332 266 345 134 235 309 404 437 150 324 133 401 388 363 168 324 271 34 97 64 108 298 498 161 158 253 61 315 380 206 445 359 187 39 267 199 320 55 304 232 246 419 55 248 88 39 76 223 250 77 450 345 400 197 69 69 382 111 0 396 222 153 84 309 499 416 251 147 284 262 138 139 452 406 345 104 263 311 412 225 97 4 389 490 422 447 129 329 434 68 279 50 249 444 432 160 73 411 
488 363 58 59 215 427 106 75 51 178 19 415 125 141 266 312 314 382 445 154 228 330 376 283 110 29 91 143 60 231 43 2 426 462 290 158 251 67 339 222 316 69 210 206 338 327 308 268 453 334 495 439 250 467 409 421 228 50 330 166 377 219 414 442 38 220 344 427 369 415 383 77 5 305 446 430 48 487 411 74 288 85 275 381 59 484 30 346 161 220 260 316 198 298 255 451 52 341 299 86 
369 67 266 442 41 379 478 181 391 66 23 236 62 303 241 110 354 402 101 462 462 343 163 482 284 487 197 21 487 190 186 474 121 468 152 55 69 174 310 408 446 159 496 463 73 352 493 408 243 52 320 141 439 456 230 172 230 118 239 344 156 362 478 52 238 105 38 386 329 2 394 447 130 299 478 467 109 489 151 180 11 78 446 222 423 414 173 50 77 299 215 151 90 346 404 132 407 279 214 215 
280 408 129 486 302 437 450 428 252 433 16 414 82 169 106 354 39 109 384 364 237 183 288 375 150 57 104 182 254 65 341 488 174 290 401 369 463 229 258 334 335 65 102 486 483 324 226 349 166 57 203 481 261 38 222 452 452 339 238 486 47 119 411 187 20 51 309 487 252 215 315 104 257 459 178 392 455 355 97 59 477 471 454 159 414 370 308 90 367 0 111 483 427 141 249 266 154 212 366 425 
218 444 134 163 399 389 389 247 341 350 75 340 132 454 409 468 259 37 244 197 59 241 45 199 478 144 9 447 363 263 102 315 49 275 289 439 440 483 433 20 162 210 384 247 350 379 56 173 341 170 289 184 449 189 277 312 387 451 449 423 496 351 230 481 72 148 458 96 78 135 387 299 77 182 44 110 375 436 100 85 307 482 35 4 249 436 296 87 19 430 387 389 424 88 178 27 23 280 147 34 
1 135 348 60 388 23 443 491 208 88 459 174 250 191 407 6 194 235 37 176 377 494 13 279 276 443 359 248 316 198 198 424 226 163 91 363 300 67 302 423 105 184 234 26 97 403 159 379 277 265 383 82 374 365 42 491 240 419 327 293 196 474 318 372 25 165 375 423 395 429 135 478 381 238 10 314 453 194 148 482 282 134 168 198 293 82 362 466 491 340 427 126 126 28 11 56 389 179 410 41 
465 298 363 427 109 493 85 366 366 255 62 442 16 378 243 1 95 490 120 112 229 31 184 135 167 289 113 53 175 473 351 137 369 412 434 315 385 85 209 94 183 286 422 158 275 230 104 121 148 215 334 305 216 243 69 60 330 496 327 14 458 241 70 287 180 318 397 155 328 79 344 298 269 335 346 231 416 82 498 274 155 228 119 229 429 352 269 492 457 238 191 293 71 341 191 115 341 376 166 193 
82 1 440 165 19 227 20 265 51 252 123 66 301 10 119 499 179 3 226 413 336 74 304 244 173 56 250 436 169 223 187 217 84 6 88 432 78 329 458 100 351 26 122 451 105 120 150 236 491 159 255 153 129 448 135 460 145 135 267 384 460 74 307 217 258 475 168 259 425 357 46 79 209 347 392 43 32 162 289 64 456 88 228 165 437 80 178 269 195 216 442 209 309 189 401 183 51 186 240 426 
217 35 463 52 308 52 239 0 149 320 478 111 184 111 161 21 471 467 66 3 482 137 227 88 25 408 215 345 240 146 312 65 482 436 293 333 125 207 456 407 201 55 262 205 275 82 54 180 112 220 31 230 263 430 22 477 287 312 324 165 320 220 108 391 423 408 111 243 392 42 51 199 339 138 481 445 159 484 123 188 351 460 334 21 281 250 176 255 452 97 368 380 312 3 68 46 385 341 131 338 
364 481 480 166 88 153 112 205 481 490 300 439 118 349 369 185 305 253 19 156 479 1 87 193 295 251 116 20 351 477 432 409 89 70 184 482 148 229 157 19 220 206 197 22 217 169 98 498 126 219 64 298 273 310 89 314 338 184 88 122 482 295 122 254 105 127 281 444 322 305 26 232 301 395 410 305 397 440 79 276 61 161 308 118 109 119 10 417 301 147 72 119 309 160 409 171 5 56 109 432 
127 133 153 423 251 17 251 79 474 260 170 303 218 214 193 476 404 301 122 451 299 179 105 61 5 442 369 429 376 259 486 482 414 242 344 374 312 497 249 258 243 43 93 330 192 210 149 83 18 74 493 100 277 52 437 150 149 59 375 300 127 34 182 213 212 7 466 403 288 114 342 68 105 12 442 383 371 214 283 469 146 204 59 16 362 395 1 211 498 7 165 60 125 373 180 403 224 80 487 31 
240 148 492 394 367 400 68 220 437 144 186 120 429 463 53 390 279 299 482 188 412 325 44 184 60 194 144 410 491 158 206 318 252 4 105 472 478 54 495 338 55 387 400 305 146 6 109 348 239 284 10 377 194 365 149 190 112 79 489 215 265 15 257 256 431 317 271 193 293 98 239 237 456 252 180 216 218 229 124 320 479 67 167 194 21 23 214 60 290 71 81 418 169 242 139 413 410 115 328 267 
77 433 488 152 86 249 230 361 204 376 131 403 63 23 248 174 440 8 77 283 286 375 231 274 200 200 380 252 344 123 30 20 466 73 458 56 489 277 6 439 73 200 224 269 238 188 33 242 444 71 136 314 423 354 235 89 29 299 144 46 414 224 148 205 271 45 465 426 430 433 376 200 469 31 101 253 81 331 481 138 432 44 357 383 442 336 69 89 237 62 392 35 91 266 366 122 445 450 193 204 
465 8 424 278 139 52 21 269 191 343 270 258 373 304 107 452 446 77 462 87 43 253 218 463 68 490 352 227 311 170 390 374 405 222 254 198 239 412 112 123 193 348 59 118 251 233 13 223 492 494 52 283 308 485 247 310 365 98 222 328 138 164 101 354 354 187 347 67 103 113 297 200 430 94 188 85 81 370 341 362 464 430 232 229 32 145 239 23 489 189 344 120 297 436 272 98 210 480 201 151 
432 234 138 84 111 62 249 417 360 452 418 77 1 157 74 96 390 434 19 360 277 320 462 384 105 303 380 32 87 372 265 28 341 96 222 363 395 123 478 184 187 337 172 278 232 180 403 445 430 130 241 239 248 481 376 56 482 392 38 82 429 259 436 204 79 134 5 92 235 114 400 151 107 424 363 411 112 358 453 420 109 23 127 120 19 51 298 156 291 339 420 144 401 2 324 497 77 60 311 369 
375 261 181 129 231 390 83 358 85 283 214 285 59 249 299 201 229 142 389 324 0 165 268 156 262 424 259 383 365 130 224 256 46 490 10 88 420 257 488 37 389 440 84 228 247 218 411 145 239 259 59 355 486 129 189 253 457 205 15 192 152 449 233 18 309 421 488 346 369 96 102 105 14 8 253 217 354 424 214 387 200 101 133 362 301 303 122 74 26 490 122 103 285 128 120 494 443 332 465 112 
183 480 50 417 244 131 284 143 432 366 292 100 93 28 456 345 369 340 73 496 264 386 251 183 288 92 270 190 21 201 207 446 374 371 482 371 120 310 261 19 404 429 96 192 350 365 282 192 288 434 145 399 456 125 94 389 291 343 400 416 406 396 496 492 325 200 187 329 473 44 215 173 406 236 108 75 462 95 85 375 265 96 274 167 445 403 23 225 95 431 324 417 451 15 262 86 365 15 286 428 
393 225 360 125 143 455 443 361 446 362 88 253 178 107 264 383 100 77 393 386 147 448 191 477 68 284 219 379 193 141 193 4 257 173 159 211 299 370 13 201 305 275 426 40 315 333 447 173 277 198 474 386 65 296 214 80 156 427 229 144 150 213 462 165 203 173 256 118 393 42 134 216 372 101 221 66 106 449 291 359 159 247 322 123 37 193 204 250 175 22 403 273 483 447 208 255 391 132 279 459 
390 38 115 298 467 304 40 52 348 408 60 306 418 363 135 386 268 131 304 210 75 383 33 278 349 300 110 85 273 191 305 430 357 79 434 39 201 276 435 70 55 8 119 309 483 150 98 279 494 448 28 457 361 481 163 291 44 343 486 240 288 149 124 79 307 88 332 35 174 302 406 311 307 291 466 474 110 104 343 62 198 494 415 456 264 449 481 331 3 156 179 308 204 466 245 342 88 373 453 421 
47 129 169 53 396 413 94 335 6 418 22 347 433 232 141 440 106 150 463 236 71 203 169 309 10 334 124 42 27 250 238 498 236 202 120 262 217 36 400 470 244 479 164 133 194 99 446 80 163 72 265 496 499 385 0 339 254 302 434 321 56 348 457 106 216 356 407 187 110 442 110 153 80 67 315 5 118 182 402 119 40 399 223 224 180 21 48 157 471 417 293 241 481 106 252 321 416 123 126 268 
20 151 250 201 96 195 205 435 249 273 413 0 97 280 426 115 377 404 21 64 258 119 343 415 47 276 325 455 91 463 90 260 67 493 478 361 367 266 276 15 2 280 251 368 181 22 140 255 299 405 495 96 198 277 330 146 145 155 482 324 22 265 289 77 278 418 484 191 291 112 226 457 201 192 252 443 469 57 154 114 257 244 342 489 204 454 328 324 33 81 322 479 245 112 469 445 286 114 359 445 
489 262 394 56 79 468 316 377 392 86 133 249 276 381 34 55 139 142 16 419 147 477 81 441 51 248 52 17 398 347 491 384 372 403 371 266 276 184 480 93 371 200 259 104 448 357 412 1 464 494 361 328 64 304 290 270 292 346 448 297 331 431 331 4 109 187 199 121 303 193 74 485 153 151 398 207 76 291 74 113 91 356 13 31 267 72 119 226 310 273 279 104 208 257 469 37 195 427 401 82 
349 194 264 215 243 388 164 242 69 311 294 105 259 275 67 128 114 368 263 72 270 57 83 452 490 226 288 486 79 326 413 156 206 127 80 148 133 54 87 12 278 394 370 466 196 184 371 107 366 57 54 78 63 191 147 435 117 353 308 325 304 356 191 9 109 49 388 188 374 185 446 138 160 23 472 152 192 217 185 39 465 46 121 14 99 290 474 2 364 162 309 28 99 77 103 155 434 23 114 206 
42 50 201 164 346 30 62 158 288 201 253 153 223 359 458 85 118 470 18 489 452 489 476 40 56 282 269 499 430 461 20 44 203 307 28 486 109 292 10 182 19 393 35 493 92 28 358 71 313 203 446 84 204 483 55 77 254 422 489 29 289 16 465 348 14 47 87 84 361 228 443 422 11 439 440 27 199 130 249 416 204 462 106 363 121 103 359 322 262 413 12 157 38 223 176 431 322 283 218 93 
189 302 125 315 344 453 358 39 44 88 88 103 298 74 366 485 110 121 69 233 475 296 104 75 418 358 143 181 297 497 245 271 286 326 384 301 159 475 362 237 304 334 233 353 163 136 6 35 184 318 195 232 278 74 446 434 272 46 25 381 135 328 208 188 287 121 380 55 388 204 277 376 27 381 341 122 357 63 290 413 67 321 46 480 346 448 435 435 121 185 242 393 289 77 327 341 469 86 409 491 
182 36 69 405 436 52 401 334 457 75 431 139 86 70 67 409 112 240 181 434 124 490 350 275 467 238 38 77 211 434 259 291 254 63 496 320 360 215 232 221 374 212 355 121 477 14 265 418 68 8 282 139 314 250 469 324 204 237 30 330 338 384 158 72 107 269 224 273 338 51 21 178 198 15 207 386 117 448 247 413 193 468 244 110 435 35 320 376 256 462 401 454 81 272 326 258 198 335 139 35 
247 15 22 143 385 415 80 315 290 212 419 32 491 494 97 330 298 456 185 199 441 155 4 390 9 442 155 473 346 137 108 231 406 143 50 286 344 40 48 140 187 423 320 384 259 196 280 332 428 473 449 333 61 294 372 430 170 87 298 344 324 209 446 338 240 284 57 16 311 447 137 249 409 44 54 385 49 73 449 36 452 55 97 89 480 51 251 254 447 406 41 4 464 17 151 254 117 328 58 477 
241 119 49 382 392 83 289 383 437 54 279 18 443 249 175 444 319 220 107 162 133 179 237 54 353 452 238 427 44 482 135 316 151 236 278 130 51 324 329 229 57 494 324 438 344 415 333 182 221 295 119 73 195 231 339 364 371 371 135 231 401 223 235 419 348 371 191 475 138 132 274 49 36 213 387 308 240 190 13 323 356 499 415 492 242 465 130 42 156 253 22 352 478 113 371 172 361 291 175 247 
82 414 56 165 252 155 488 295 391 57 65 355 145 181 106 347 21 329 457 398 365 310 491 404 468 23 153 432 9 228 300 131 219 159 243 174 145 497 363 152 160 8 131 1 342 116 254 382 153 280 38 278 453 414 386 45 478 369 258 59 173 306 349 235 256 361 163 408 181 74 429 251 355 116 189 26 151 276 98 497 202 157 384 267 126 98 0 128 482 112 230 416 453 78 322 482 78 134 316 166 
309 383 352 120 158 264 314 394 335 98 398 407 371 40 410 417 384 357 71 320 132 23 178 105 8 23 203 186 441 62 463 290 312 382 213 102 154 112 146 305 451 372 94 254 4 357 294 284 448 80 324 179 185 187 308 192 23 354 388 241 276 380 230 86 419 425 113 199 342 400 461 231 43 393 74 260 319 45 347 196 134 117 432 111 109 498 393 286 169 138 258 236 387 296 347 331 461 96 294 261 
88 413 295 379 178 342 443 270 473 155 177 180 245 482 281 413 475 130 306 427 179 407 175 39 487 366 372 305 484 101 22 225 204 246 356 195 252 101 287 15 233 248 28 2 110 383 441 233 496 335 18 463 40 157 416 173 428 458 395 328 96 382 239 219 339 40 112 357 115 441 411 313 73 195 209 232 312 186 266 339 95 407 296 441 265 241 277 320 5 449 443 151 394 235 339 186 85 246 167 50 
172 98 264 366 305 180 322 107 264 189 222 118 497 188 314 147 389 242 467 206 83 63 35 299 34 222 232 424 405 360 189 425 90 273 348 499 150 431 376 402 329 151 59 80 173 365 235 135 242 404 176 216 5 66 329 264 427 33 476 383 208 458 447 176 90 253 45 156 272 25 175 131 468 225 479 315 164 367 395 198 405 168 46 354 220 272 44 310 242 283 110 368 469 393 3 193 387 94 21 133 
170 277 88 272 93 258 361 108 222 237 425 96 220 401 199 207 315 304 0 437 438 53 158 303 413 96 327 106 483 477 322 78 57 351 385 310 443 26 337 291 202 27 291 92 87 363 209 21 55 367 349 113 268 82 92 232 331 275 145 81 370 45 278 294 212 188 136 1 15 2 451 315 137 137 56 456 161 315 327 158 344 404 343 309 239 38 64 50 460 487 91 486 369 102 135 206 164 75 203 301 
328 280 267 58 430 208 117 458 123 104 57 299 225 475 30 270 348 250 210 275 140 27 91 195 288 380 388 54 240 76 124 437 159 459 493 210 162 263 200 303 409 114 118 280 419 416 326 208 419 276 150 309 422 307 175 82 458 40 445 234 249 32 194 339 75 24 125 84 284 335 134 271 14 49 412 57 481 144 479 303 31 70 452 409 194 16 434 261 4 206 198 262 335 130 76 241 169 393 35 148 
425 267 43 305 190 382 322 438 180 82 302 6 289 244 364 450 21 384 328 310 73 124 23 5 85 370 304 80 56 177 384 186 84 179 456 391 178 476 412 118 423 2 9 275 52 409 119 430 143 494 148 82 34 276 476 453 459 260 169 28 377 416 242 137 439 75 159 15 314 124 499 378 223 221 42 264 205 33 163 427 136 431 484 164 119 301 97 212 59 157 367 261 260 43 166 26 35 432 345 98 
153 45 77 386 36 98 47 170 459 48 161 215 286 365 327 114 11 499 338 11 426 192 390 190 160 489 161 33 98 73 235 100 44 387 127 430 457 305 398 389 211 315 458 344 488 7 429 294 186 367 172 429 479 78 98 0 290 310 177 422 456 366 416 217 90 30 309 418 454 327 137 89 453 389 148 290 40 382 447 465 413 328 17 436 236 70 415 75 349 491 188 345 148 223 75 112 188 443 36 109 
440 423 338 405 432 450 277 151 150 56 331 231 448 271 242 350 197 200 330 71 366 247 309 306 283 137 198 491 258 93 398 384 163 201 208 246 384 179 300 338 168 412 366 92 106 438 396 112 199 348 465 380 124 418 139 196 217 144 136 256 243 108 204 243 82 278 250 257 375 378 461 186 115 407 436 355 460 307 313 50 22 171 9 361 128 309 496 260 105 54 305 48 344 277 479 306 30 117 70 11 
454 318 183 116 122 243 26 66 374 50 207 344 281 404 483 148 246 115 411 94 315 297 221 46 284 351 462 81 479 458 103 431 200 192 72 436 490 3 182 467 431 193 344 258 73 327 237 107 297 264 132 182 88 40 231 132 79 474 340 391 40 121 385 100 479 90 483 38 166 243 54 343 311 34 102 211 329 265 457 343 394 308 87 396 72 32 286 188 271 23 287 218 269 435 16 373 147 63 452 469 
0 404 120 446 415 492 376 12 390 85 193 196 208 300 420 155 322 100 127 104 154 228 386 160 327 343 196 111 157 360 267 130 216 433 158 263 435 416 278 285 39 271 295 277 132 147 27 340 267 348 367 466 316 92 241 402 282 298 225 374 145 120 396 274 483 90 115 56 86 117 368 274 129 12 477 400 117 222 484 379 242 192 218 439 102 200 136 284 109 63 200 262 74 411 24 270 73 179 198 283 
109 299 386 147 492 415 21 147 140 323 315 320 260 93 456 82 380 410 71 229 193 482 351 75 164 265 281 417 165 353 485 445 267 398 360 387 295 292 38 71 396 181 297 135 437 90 422 497 77 165 494 51 22 443 439 152 429 143 284 290 384 4 383 242 349 207 426 368 150 72 8 496 178 217 116 75 64 231 322 54 73 178 337 180 294 111 129 34 367 128 97 388 421 138 132 146 399 17 276 44 
43 457 207 481 498 249 213 354 73 181 198 58 78 283 480 133 48 497 343 265 306 36 269 296 449 41 72 96 252 13 14 296 363 234 279 56 195 56 209 230 306 379 420 85 321 15 19 350 262 121 411 393 27 380 258 254 208 40 339 37 268 306 192 319 145 460 200 251 62 346 206 120 240 309 462 447 293 331 266 86 57 120 455 434 137 27 46 354 417 43 205 418 332 204 383 199 95 9 10 371 
218 220 258 291 498 0 322 459 4 389 214 255 424 369 201 443 269 345 24 272 132 235 6 152 352 175 301 138 257 332 81 152 40 9 132 365 373 95 174 174 258 236 105 83 32 92 436 410 43 363 67 339 354 147 179 430 223 152 415 229 156 425 422 370 195 437 311 116 36 478 485 381 348 384 365 223 188 57 84 93 370 268 1 241 419 52 454 139 438 226 142 112 384 293 335 304 72 424 497 137 
293 346 19 102 358 6 400 411 109 77 365 257 187 176 401 280 142 104 432 206 173 381 344 387 12 55 457 167 387 319 301 444 396 241 176 365 395 469 336 2 382 275 98 401 453 435 487 149 176 201 46 260 198 102 139 434 449 375 25 211 379 129 123 137 202 486 456 204 128 301 207 474 4 320 401 227 153 250 499 355 80 319 58 201 44 264 54 56 278 194 337 156 9 327 7 168 243 442 387 117 
176 495 71 421 147 227 293 9 295 324 89 64 359 476 334 165 493 403 369 410 456 263 99 494 296 44 249 412 422 287 133 110 220 165 395 328 354 252 359 420 410 486 429 326 353 274 300 24 86 287 43 272 382 414 6 185 321 108 93 294 52 276 154 189 231 430 167 263 78 499 209 440 286 259 335 242 345 357 486 385 458 309 254 270 61 256 389 424 347 239 231 395 389 441 46 62 438 259 19 146 
142 385 128 285 272 363 143 336 224 143 251 361 198 92 161 420 173 476 182 180 3 122 339 412 487 359 433 479 57 126 335 89 83 333 196 139 204 446 369 484 89 134 287 300 185 385 372 321 269 38 380 389 136 368 310 400 153 453 76 423 399 358 447 483 4 116 290 189 441 317 477 450 377 141 117 54 92 167 175 231 345 255 43 223 120 250 446 30 293 424 29 77 497 284 171 145 454 280 224 128 
404 211 184 45 199 21 135 443 346 310 378 256 3 177 367 126 116 234 72 361 456 14 218 166 174 122 235 475 156 455 272 116 1 328 116 274 76 173 260 290 168 382 202 125 16 243 112 9 314 450 193 38 97 317 129 382 279 291 119 297 404 81 412 317 430 261 423 493 399 77 316 193 266 148 349 417 35 358 334 22 158 258 259 93 80 165 120 421 147 96 20 215 467 336 118 131 150 65 395 374 
237 257 156 178 407 263 240 102 114 48 493 83 151 372 476 178 411 4 73 214 211 311 312 256 455 286 496 229 175 188 346 281 298 282 498 82 116 347 476 266 485 112 345 80 18 474 227 28 0 60 10 198 355 403 88 69 188 270 488 253 474 275 499 393 429 263 395 173 208 181 139 314 253 162 246 407 43 207 111 305 363 100 282 10 290 232 425 154 53 405 365 309 378 165 329 279 119 161 463 258 
488 472 31 342 162 391 385 191 33 340 446 483 497 241 37 323 448 355 77 363 187 154 195 46 172 358 262 359 31 210 187 115 51 124 166 262 363 230 12 295 52 104 263 195 466 106 327 284 90 255 54 204 258 489 218 311 199 51 169 441 470 192 113 254 286 470 474 374 185 228 249 88 189 391 42 388 45 131 464 40 464 344 43 269 181 499 434 494 328 98 370 185 111 467 391 192 69 233 169 329 
59 475 278 442 92 290 479 436 114 332 396 242 109 230 179 269 244 278 443 413 414 286 205 103 307 437 499 180 335 369 113 168 94 73 153 429 360 47 218 293 463 270 135 243 54 182 352 73 340 468 213 198 374 360 426 362 50 320 483 244 9 495 417 51 37 5 220 392 190 109 155 305 285 280 293 435 155 128 129 97 37 325 276 406 380 462 233 483 239 107 22 339 74 154 141 454 277 496 197 449 
265 345 98 398 419 315 82 410 255 226 294 181 346 344 496 140 395 427 346 106 414 371 323 228 3 50 25 277 378 81 95 378 294 57 107 157 375 65 242 264 222 298 115 16 116 369 70 199 140 19 130 187 257 495 464 376 59 351 329 39 7 144 62 36 9 472 154 249 269 305 418 132 449 55 272 416 102 20 60 154 358 431 199 141 353 407 352 251 31 386 493 310 44 78 42 443 433 246 232 0 
394 384 280 84 388 442 233 275 5 498 327 315 318 50 154 166 201 80 227 288 230 410 405 116 439 354 346 194 346 464 243 48 182 164 138 422 210 61 74 414 93 278 332 224 79 157 472 148 167 297 429 233 493 144 169 266 117 220 353 51 285 405 345 190 472 352 362 259 380 178 427 237 381 148 133 161 190 494 183 24 295 154 362 492 412 162 142 259 113 40 268 44 114 9 104 342 245 432 158 406 
153 21 337 499 186 245 124 448 259 235 465 386 2 291 30 282 370 311 322 413 329 151 132 478 148 413 342 4 388 468 60 145 42 477 330 114 303 444 260 300 381 444 244 445 380 429 269 19 276 288 230 198 381 4 121 357 300 412 325 63 394 33 438 294 83 362 347 344 365 469 96 44 480 415 130 35 160 295 248 355 293 259 67 403 490 327 439 457 202 230 271 29 234 47 295 142 335 420 117 38 
447 321 290 137 433 106 214 70 214 233 233 482 378 83 247 472 52 429 391 21 277 324 147 28 449 240 395 213 383 324 11 200 498 78 61 111 444 364 36 355 56 60 325 291 10 12 404 469 334 161 147 299 473 5 65 309 291 354 138 303 102 477 384 454 141 135 229 198 205 38 351 82 372 243 421 411 426 263 116 310 13 152 408 273 263 49 157 436 115 476 488 408 356 371 78 275 337 121 446 133 
234 99 133 259 222 222 319 278 386 442 181 30 172 108 279 432 143 428 3 164 186 471 277 63 71 230 112 260 26 322 196 389 238 483 301 317 75 54 117 224 209 124 378 286 304 51 122 231 132 275 363 67 443 282 401 237 157 243 489 357 251 493 295 211 283 250 259 274 306 34 241 156 203 38 167 86 236 312 475 168 7 381 249 371 431 129 52 206 86 186 127 170 197 239 159 273 157 229 324 264 
200 342 221 184 434 114 492 326 277 232 365 437 103 271 353 389 137 312 326 214 51 101 229 119 455 206 37 291 442 103 330 312 377 399 416 150 291 439 477 22 107 498 260 240 245 360 351 53 154 444 383 437 340 426 411 280 294 356 239 487 239 253 62 258 436 436 18 171 157 298 498 273 9 342 351 243 49 492 367 183 17 144 448 162 460 256 237 348 85 425 214 11 411 21 216 365 350 301 319 331 
434 134 111 105 479 41 4 422 386 207 474 450 367 112 343 307 211 152 23 336 145 495 439 325 107 377 241 250 426 46 175 218 318 355 88 88 119 450 146 419 188 474 494 147 20 397 226 94 151 100 265 448 393 160 256 87 6 21 67 382 221 376 310 155 494 493 417 219 202 201 269 181 377 188 165 186 199 18 119 216 393 482 444 204 426 360 343 194 38 311 40 115 127 234 476 472 206 349 302 77 
379 238 465 87 394 137 473 99 233 379 76 368 44 410 486 244 480 77 474 81 427 37 254 122 443 145 97 463 221 42 164 132 472 318 427 326 478 378 356 270 393 393 15 484 498 119 268 95 430 73 455 154 422 147 219 34 145 444 89 197 296 228 101 202 445 8 409 250 386 286 428 203 92 15 458 230 407 345 151 138 329 188 261 15 27 51 193 497 46 243 272 209 478 152 466 228 403 421 0 286 
137 273 59 57 114 49 256 279 216 180 209 373 368 304 396 77 269 55 386 345 438 2 30 41 376 57 292 270 90 211 388 64 37 339 296 41 418 343 289 307 161 181 432 420 344 387 463 220 469 462 453 267 448 422 312 467 281 311 325 276 425 348 362 410 150 485 439 287 104 254 377 422 429 99 94 19 497 176 400 292 470 397 302 303 113 86 468 36 118 15 31 10 469 112 272 497 333 103 468 279 
145 22 64 308 305 346 349 262 474 224 474 144 373 287 21 113 413 86 344 228 263 392 89 159 385 93 72 125 430 11 79 121 225 357 66 80 328 262 136 396 27 126 53 170 301 380 378 476 431 291 186 63 115 166 395 496 318 429 8 438 112 495 416 0 363 89 395 359 27 116 306 218 353 326 105 192 403 157 429 293 391 452 40 29 402 418 292 145 15 300 234 12 272 462 107 261 256 321 163 37 
257 103 197 216 252 8 127 271 387 292 374 317 194 61 85 385 305 459 74 154 97 464 429 158 129 52 496 368 7 469 314 474 95 384 324 462 467 473 17 275 412 123 397 453 380 191 28 361 64 261 16 119 360 191 140 229 356 298 339 369 325 494 356 498 445 10 223 379 115 28 472 271 235 378 398 196 396 225 215 187 479 456 342 327 275 132 249 45 221 463 412 200 130 435 166 244 430 461 74 13 
451 61 21 297 99 284 494 157 331 55 285 63 32 409 28 348 150 144 431 394 479 168 440 416 445 377 450 13 467 413 309 330 408 273 326 427 273 461 247 67 144 457 478 195 74 339 426 208 275 234 266 68 410 263 57 427 202 446 482 146 31 471 309 79 290 139 312 438 48 189 171 279 8 180 402 58 171 235 177 216 235 150 130 398 52 262 189 27 242 316 132 484 319 166 168 432 308 447 40 414 
473 481 28 497 430 87 425 95 416 439 367 371 101 220 231 149 266 141 402 133 45 238 106 74 86 459 431 412 83 334 401 334 192 472 496 349 328 319 319 219 460 261 497 491 311 85 109 89 371 230 250 476 230 277 474 231 77 4 126 165 374 407 118 256 264 30 1 243 59 59 188 382 443 169 88 278 177 160 441 258 276 131 267 214 326 4 338 6 364 351 230 453 350 158 249 434 113 148 421 278 
89 339 433 236 31 94 70 289 456 174 161 164 116 300 439 353 269 107 165 188 470 12 433 161 282 356 181 129 385 48 347 140 58 467 320 204 446 359 397 236 8 201 110 51 81 423 429 254 134 51 23 69 247 157 109 257 423 312 134 105 13 117 282 95 209 296 182 180 400 255 431 415 136 59 425 166 83 82 153 165 137 307 276 141 72 156 148 365 92 382 196 326 228 128 20 372 231 489 220 326 
130 191 486 474 249 412 340 262 131 52 474 186 171 499 424 471 309 305 88 460 322 270 483 295 244 127 264 210 219 22 196 275 163 349 160 216 198 198 424 59 453 38 206 37 232 223 495 293 113 290 484 407 481 189 15 254 69 477 434 311 106 184 440 163 52 497 431 298 440 475 310 281 300 439 376 325 491 424 421 109 433 301 72 386 148 198 108 141 236 79 434 153 268 306 415 361 105 133 26 228 
338 3 33 155 485 315 497 476 261 89 394 160 437 381 303 269 7 366 178 169 33 420 116 409 488 32 112 479 153 187 121 170 433 192 120 379 76 154 259 336 29 251 10 190 388 75 79 208 152 375 437 322 307 488 13 67 155 283 429 127 89 14 376 336 405 196 273 151 395 373 71 337 156 484 161 447 270 282 51 47 81 151 233 283 162 163 407 3 368 325 57 422 256 363 399 397 37 246 487 408 
61 83 325 301 142 482 72 110 92 402 283 445 202 198 247 474 192 254 299 481 64 205 252 180 95 445 246 307 93 387 322 358 212 324 94 131 394 409 101 436 190 459 324 219 28 99 221 353 315 32 369 80 354 276 406 257 266 168 189 440 139 206 206 140 245 65 432 386 496 312 370 113 83 442 436 37 282 446 233 313 439 393 14 37 259 208 439 208 256 332 484 25 484 103 399 204 347 433 112 479 
138 211 169 333 156 498 332 419 25 179 225 286 265 234 344 208 170 212 443 130 273 202 300 141 279 486 261 464 462 484 87 174 413 10 284 24 13 472 440 273 261 14 439 171 16 306 457 301 156 45 2 51 87 165 323 490 78 416 448 37 96 275 60 123 364 121 169 154 48 366 173 358 365 480 482 142 173 93 128 376 157 309 336 307 451 377 154 158 77 156 484 115 239 181 378 329 97 269 310 122 
416 150 353 55 122 417 293 301 240 240 348 380 56 350 497 434 184 83 146 354 417 355 458 54 139 346 447 186 200 222 290 101 59 184 289 132 491 475 378 61 280 318 95 150 306 396 370 204 355 26 329 370 74 399 56 481 141 39 46 168 366 94 61 499 178 254 42 209 1 84 340 266 78 95 256 106 106 146 437 160 331 342 453 386 467 26 67 30 40 259 207 408 195 279 371 228 32 382 315 258 
428 251 115 336 245 231 239 20 457 184 211 315 194 328 248 434 157 248 344 67 426 398 177 389 158 444 68 167 102 212 295 139 383 261 7 87 346 387 132 88 106 66 377 453 124 279 360 201 343 423 69 197 444 8 386 181 439 106 332 202 195 350 156 63 154 13 348 374 309 310 471 322 102 465 145 58 22 115 452 460 366 153 28 259 464 142 245 275 60 323 175 451 340 298 17 131 134 379 106 58 
13 249 44 121 205 363 329 154 80 453 368 335 473 154 335 99 146 207 150 246 214 202 245 75 124 19 446 27 427 79 45 467 130 111 51 6 314 219 72 196 13 67 400 374 321 416 208 63 210 76 142 291 240 156 182 130 160 406 495 359 240 414 29 201 125 232 176 117 469 406 117 449 62 432 92 173 206 245 158 200 95 316 279 226 380 415 299 15 316 278 396 282 190 459 59 291 486 108 87 178 
352 6 274 377 490 481 400 251 331 220 65 99 301 387 70 218 286 250 434 64 483 347 365 378 68 66 125 79 420 432 133 336 48 482 450 448 86 8 32 482 4 270 409 313 317 213 203 93 215 477 296 343 77 57 66 41 271 204 125 371 232 359 376 57 288 271 153 366 394 304 108 320 15 366 466 137 191 379 387 25 135 493 194 461 76 245 147 92 371 80 285 444 446 401 97 191 473 192 455 338 
17 54 36 378 449 256 112 365 226 396 472 7 349 237 462 494 174 210 204 167 79 18 131 346 412 71 293 479 114 341 28 310 279 368 368 119 145 36 91 31 251 204 332 491 106 193 74 218 359 145 13 57 248 119 53 129 437 272 138 477 161 90 108 228 333 56 141 397 273 79 175 437 385 208 249 209 293 426 333 484 144 472 371 408 405 26 45 44 151 336 330 396 439 392 32 241 87 86 337 378 
145 300 272 320 237 435 493 316 403 275 106 78 100 473 484 446 450 463 394 348 443 60 208 70 411 278 466 37 204 388 425 155 18 196 354 223 206 377 315 54 407 392 363 18 252 428 314 324 193 163 487 337 456 363 131 181 449 21 447 39 373 288 322 404 20 73 226 124 485 223 111 49 346 9 171 133 452 239 463 46 348 241 314 239 163 397 141 266 371 275 39 140 342 74 426 189 418 250 290 269 
254 51 332 282 472 135 126 147 307 44 325 200 3 285 194 286 255 207 225 17 58 170 443 237 78 424 283 158 157 156 284 179 484 372 308 389 372 321 228 127 218 103 470 261 423 231 279 482 449 67 123 210 341 450 153 228 377 216 224 114 320 233 274 306 171 423 118 53 347 468 41 307 304 174 420 362 12 328 285 298 20 112 255 8 186 401 303 481 24 22 493 214 364 499 394 374 337 70 290 384 
